00110000 10000100 00000000 00000000 
00000001 00000000 00110000 10000101 
00000000 00000000 00000001 00000000 
01110000 00000000 00000000 00000000 
00100100 00000000 00000000 00000000 
00000000 00000000 00000000 00001101 
00000000 00000000 00000000 11000000 
00000000 00000000 00001011 00000000 
00000000 00000000 10100000 00000000 
00110000 10000000 00000000 00000000 
00000000 00000100 10100000 00001000 
00110000 10000010 00000000 00000000 
00000000 00010100 10100000 00101000 
10000000 00000000 00000000 00000000 
00111010 00010000 10100000 01011000 
00100000 01000101 01010000 00010101 
00000000 00000000 00000000 00001000 
01010000 00100101 00000000 00000000 
00000000 00001100 00110000 10000000 
00000000 00000000 00000000 00000000 
01100010 00100010 01110011 00000000 
00000000 00000000 01110100 01010000 
01100001 00000000 00000000 00000000 
00000000 01100000 01100000 00110000 
10000011 00000000 00000000 00000000 
00000100 01100000 00110001 00110000 
10000011 11111111 11111111 11111111 
11111111 01100000 00110010 01110100 
00000000 00000000 00000000 01010111 
10110000 01011000 10010000 00000000 